diff
0
66.04
-221.18
-243.87
-208.21
-210.67
-196.53
-149.8
-157.8
-94.11
-47.59
-42.6
-217.11
-354.37
-395.12
-391.65
-395.59
-354.93
-378.33
-386.13
-364.77
-303.45
-319.01
-338.03
-435.23
-559.53
-599.36
-618.27
-578.02
-552.81
-567.05
-544.12
-499.39
-491.42
-455.85
-503.36
-631.64
-820.99
-884.99
-878.81
-874.26
-825.76
-849.17
-800.87
-780.49
-804.02
-794.53
-805.27
-892.78
-1019.27
-1079.58
-1066.45
-1094.38
-1103.04
-1070.68
-1029.28
-1038.63
-1025.15
-1012.07
-1032.81
-1162.63
-1358.84
-1421.86
-1449.12
-1425.59
-1365.53
-1326.73
-1345.98
-1289.51
-1308.97
-1324.24
-1327.49
-1474.79
-1634.46
-1698.89
-1687.43
-1614.84
-1542.08
-1522.98
-1569.21
-1568.17
-1548.12
-1530.19
-1538.86
-1648.07
-1857.36
-1910.78
-1885.35
-1867.27
-1843.75
-1846.86
-1828.66
-1816.36
-1840.06
-1807.11
-1914.48
-2089.45
-2283.67
-2382.12
-2345.08
-2362.78
-2345.67
-2324.42
-2307.4
-2305.04
-2322.67
-2515.34
-2708.22
-2764.41
-2788.63
-2786.65
-2727.83
-2737.41
-2718.13
-2674.23
-2663.42
-2692.16
-2922.14
-3233.19
-3333.87
-3268.61
-3254.19
-3251.31
-3242.85
-3240.89
-3202.99
-3186.15
-3298.25
-3361.16
-3360.18
-3349.18
-3335.43
-3281.62
-3270.75
-3270.06
-3308.92
-3589.56
-3628.79
-3613.78
-3611.13
-3525.06
-3532.01
-3486.22
-3478.02
-3473.72
-3658.44
-3792.39
-3830.52
-3776.21
-3718.7
-3741.88
-3742
-3710.57
-3705.13
-3879.43
-4129.66
-4010.62
-4075.24
-4022.06
-4012.35
-3978.27
-3970.09
-4001.82
-4042.11
-4070.81
-4260.65
-4226.16
-4201.77
-4206.34
-4241.69
-4255.88
-4239.89
-4195.61
-4269.82
-4462.12
-4707.9
-4815.03
-4807.49
-4737.48
-4735.92
-4793.83
-4785.53
-4787.24
-4755.89
-4730.84
-4769.4
-4902.6
-4999.09
-5014.5
-4948.36
-4936.22
-4941.87
-4914.78
-4941.08
-4921.73
-4882.35
-4929.52
-4916.87
-4959.39
-5109.72
-5159.13
-5202.51
-5200.48
-5153.67
-5126.65
-5114.43
-5085.26
-5098.82
-5090.96
-5074.62
-5177.69
-5292.29
-5339.63
-5326.96
-5248.44
